              precision    recall  f1-score   support

           0       0.15      0.47      0.23        51
           1       0.16      0.36      0.22        66
           2       0.13      0.18      0.15        45
           3       0.00      0.00      0.00        51
           4       0.20      0.08      0.12        48
           5       0.61      0.72      0.66        46
           6       0.17      0.26      0.21        54
           7       0.00      0.00      0.00        49
           8       1.00      0.00      0.00        24
           9       0.25      0.10      0.14        63
          10       1.00      0.00      0.00        42
          11       0.20      0.25      0.22        52
          12       0.13      0.18      0.15        50
          13       0.52      0.44      0.48        57
          14       0.60      0.68      0.64        41
          15       0.76      0.51      0.61        49
          16       0.89      0.71      0.79        48
          17       0.07      0.03      0.04        60
          18       0.29      0.63      0.39        59
          19       0.30      0.43      0.35        70
          20       0.21      0.18      0.20        49
          21       0.12      0.02      0.03        64
          22       0.60      0.05      0.09        60
          23       0.20      0.20      0.20        59
          24       0.33      0.21      0.26        43
          25       0.36      0.58      0.45        79
          26       0.48      0.50      0.49        66
          27       0.00      0.00      0.00        38
          28       0.46      0.29      0.35        42
          29       0.43      0.41      0.42        56
          30       0.34      0.36      0.35        56
          31       0.15      0.43      0.23        63
          32       0.33      0.49      0.40        72
          33       0.26      0.10      0.14        50
          34       0.33      0.14      0.20        43
          35       0.32      0.23      0.27        57
          36       0.41      0.62      0.49        52
          37       0.26      0.42      0.32        67
          38       0.19      0.37      0.25        41
          39       0.08      0.02      0.03        58
          40       0.00      0.00      0.00        35
          41       0.51      0.68      0.58        62
          42       0.14      0.13      0.13        38
          43       0.33      0.16      0.21        38
          44       0.25      0.07      0.11        56
          45       0.30      0.29      0.29        52
          46       0.23      0.29      0.26        48
          47       0.25      0.33      0.28        58
          48       0.14      0.22      0.17        54
          49       0.52      0.56      0.54        41
          50       0.15      0.19      0.17        43
          51       0.06      0.02      0.03        52
          52       0.19      0.20      0.19        46
          53       0.21      0.16      0.18        43
          54       0.24      0.61      0.34        46
          55       0.17      0.08      0.11        51
          56       0.11      0.14      0.13        50
          57       0.45      0.09      0.15        55
          58       0.12      0.04      0.06        47
          59       0.25      0.04      0.07        48
          60       0.18      0.06      0.09        51
          61       0.36      0.38      0.37        52
          62       0.16      0.07      0.10        44
          63       0.13      0.04      0.06        49
          64       0.21      0.16      0.18        56
          65       0.67      0.54      0.60        52
          66       0.19      0.56      0.28        45
          67       0.15      0.17      0.16        46
          68       0.43      0.31      0.36        65
          69       0.33      0.31      0.32        55
          70       0.08      0.13      0.10        46
          71       0.12      0.21      0.15        52
          72       0.18      0.38      0.24        50
          73       0.50      0.68      0.58        56
          74       0.10      0.16      0.12        51
          75       0.38      0.31      0.34        55
          76       0.24      0.20      0.22        44
          77       0.14      0.12      0.13        64
          78       0.20      0.33      0.25        43
          79       0.58      0.59      0.59        49
          80       0.11      0.16      0.13        43
          81       0.30      0.26      0.28        53
          82       0.08      0.02      0.03        47
          83       0.35      0.21      0.26        43
          84       0.06      0.05      0.05        63
          85       0.22      0.29      0.25        55
          86       0.19      0.23      0.20        57
          87       0.07      0.09      0.08        34
          88       0.20      0.17      0.19        64
          89       0.17      0.26      0.21        53
          90       0.26      0.16      0.19        45
          91       0.25      0.27      0.26        52
          92       0.25      0.06      0.10        49
          93       0.25      0.15      0.19        54
          94       0.28      0.20      0.23        46
          95       0.33      0.29      0.31        58
          96       0.38      0.35      0.36        52
          97       0.31      0.30      0.31        50
          98       0.00      0.00      0.00        50
          99       0.45      0.45      0.45        56

    accuracy                           0.26      5152
   macro avg       0.28      0.26      0.24      5152
weighted avg       0.28      0.26      0.24      5152
